# mesh name: boxMesh_1
# primitive scorer name: doseScorer
# iX, iY, iZ, total(value) [MeV], total(val^2), entry
0,0,0,329.5286384739017,114.8372550496859,1000
1,0,0,330.0070743483186,131.5085061841718,1000
2,0,0,338.6698080635695,266.0692883217986,1000
3,0,0,340.6194104541318,434.9734303633096,1000
4,0,0,329.3773728776298,117.4835722633041,1000
5,0,0,340.0008297177829,160.2104383689587,1000
6,0,0,337.2089366034422,152.2742202812973,999
7,0,0,342.4476433353333,260.9145681483205,999
8,0,0,351.2222118140147,534.1399632770749,999
9,0,0,340.9885522179467,278.9459066836442,999
10,0,0,337.1936060455998,150.7878247931436,998
11,0,0,335.821089634025,132.4563081475471,998
12,0,0,355.0908609018079,439.9490602097466,997
13,0,0,359.3616375258357,314.1821917336064,997
14,0,0,359.1582694859646,295.729441060659,997
15,0,0,364.32779297141,387.4564696718892,997
16,0,0,372.233068243126,422.6705422812278,997
17,0,0,372.7507885765044,523.6650809449696,998
18,0,0,357.4130739822985,306.2256382011405,996
19,0,0,356.5220704815126,252.940463527731,996
20,0,0,351.8868157177222,197.2341150712231,996
21,0,0,364.9276940282984,363.0146871397762,996
22,0,0,352.0133599323125,271.5396590278309,996
23,0,0,350.6768061068296,195.2327766120441,996
24,0,0,337.1438580477696,128.1764268383542,994
25,0,0,359.7986509654474,254.4591803246528,995
26,0,0,358.700240906502,258.953865818251,994
27,0,0,385.4671072373401,577.78612618162,994
28,0,0,395.1010017826636,1073.753195014787,993
29,0,0,380.8380989642427,472.6714367285112,993
30,0,0,391.8828181953601,768.0343116352425,993
31,0,0,374.4902081069031,351.1761378971333,993
32,0,0,372.3630843039058,305.802091512014,993
33,0,0,364.7484131607057,210.279577880693,992
34,0,0,362.0731467266582,223.0490608919183,991
35,0,0,372.692585315758,318.412160996389,991
36,0,0,376.948572465269,502.1883354375607,990
37,0,0,352.3162690611057,171.5196633004617,990
38,0,0,357.9514850826698,151.4289504385413,989
39,0,0,389.2506729477523,700.2819729068318,988
40,0,0,353.8304271468542,149.9034995073242,987
41,0,0,358.299544959119,168.7416311498472,988
42,0,0,363.3885895867329,226.6126456729542,988
43,0,0,374.9383666860741,414.9208430202698,987
44,0,0,391.4313031127255,647.5010252686668,987
45,0,0,372.4522653072128,270.9804412579079,987
46,0,0,387.8029285429695,387.5757695084642,985
47,0,0,378.6876690580369,379.8803657498781,986
48,0,0,394.1150680278865,446.1644672558696,985
49,0,0,411.9124050939473,653.8346124484872,986
50,0,0,409.8325287152705,729.746004608621,987
51,0,0,399.0286480951218,490.0762038991659,986
52,0,0,387.050233926735,292.2270830367752,984
53,0,0,493.2737066085367,7376.304471413052,984
54,0,0,420.6328698057548,555.4097818667725,986
55,0,0,385.1827872098841,248.7360325903689,984
56,0,0,382.1536536077923,257.4387769283646,983
57,0,0,382.1221050879606,237.8716483333194,982
58,0,0,409.2654780297657,677.8351598069685,983
59,0,0,390.7531409670121,244.0584928884948,981
60,0,0,388.248543003281,242.6644254199958,981
61,0,0,392.6419044115148,275.4503151538613,982
62,0,0,401.3587188439879,355.3962510923595,980
63,0,0,399.435976145846,412.2698712547663,979
64,0,0,402.2478905280775,594.9876069637517,979
65,0,0,372.4890040194587,187.4205315107412,978
66,0,0,389.203439476022,710.3248418521614,978
67,0,0,375.452309266601,202.2119122614064,980
68,0,0,375.3958669445876,178.330657235034,979
69,0,0,408.9561724807234,1073.114819709482,977
70,0,0,410.0501330977546,972.8855767223408,978
71,0,0,393.1430296161242,293.6722317867701,979
72,0,0,403.9628865518553,456.4236399068952,977
73,0,0,401.0393346939445,356.0338752266044,976
74,0,0,399.8972831769262,341.1078179321389,975
75,0,0,420.7561931139338,1188.403122999252,974
76,0,0,413.9676632344627,516.1851343018429,975
77,0,0,418.9530568086589,537.3720747880676,975
78,0,0,402.3908698775805,255.738727394392,976
79,0,0,401.0506768835411,274.935156828995,976
80,0,0,431.3967642004034,1037.518287591456,976
81,0,0,433.2942232069216,831.3621767858248,974
82,0,0,414.325226836309,341.207169509696,972
83,0,0,412.5214902160554,369.3642703244959,972
84,0,0,418.2646476158737,397.8337915690595,971
85,0,0,411.7670696852349,447.7533175669579,969
86,0,0,401.1251614265549,289.5286429516718,968
87,0,0,420.7242024482277,852.4315938356327,970
88,0,0,422.3651766947036,529.4566595126159,968
89,0,0,403.7742033171089,298.3584152088659,969
90,0,0,394.3066874941915,217.7154014309113,967
91,0,0,413.4330951200475,293.7361288479733,967
92,0,0,419.5104021055749,432.5644703620104,965
93,0,0,411.8841768164408,289.4714542044839,964
94,0,0,418.1112737695776,482.7481878185952,964
95,0,0,422.2062697489922,410.8537000882998,963
96,0,0,405.6985005186034,267.50032190634,964
97,0,0,414.8582992127375,403.5069066482448,963
98,0,0,398.6975670705044,212.3945701073247,965
99,0,0,414.4603471836626,307.6080635595586,963
100,0,0,418.7823365037712,351.258152441302,965
101,0,0,428.8792901867838,549.0585336789254,962
102,0,0,409.4928548613464,283.2954552536333,961
103,0,0,416.5121722922576,512.4373784134804,960
104,0,0,401.6343039913123,218.0127234489101,956
105,0,0,417.5044146426182,424.608805052111,956
106,0,0,401.1437145713574,229.4058049484941,956
107,0,0,407.9783721668896,274.9441534228658,954
108,0,0,400.9990906744146,199.9345745899697,955
109,0,0,404.2332465108358,222.987414457686,953
110,0,0,399.75977899822,187.2024118353457,955
111,0,0,433.6450582749374,820.9990983848414,956
112,0,0,411.3700410572788,208.7000744315846,954
113,0,0,416.0440521228127,244.4755228079798,953
114,0,0,417.0944408723855,243.6141025574778,954
115,0,0,414.2513900496069,227.8780539248067,954
116,0,0,482.3470054153026,2265.779277461175,954
117,0,0,436.4084216767264,328.7046170711393,952
118,0,0,427.5413443870335,284.4250773990455,951
119,0,0,463.6020876883244,1160.263914546682,951
120,0,0,420.3335825995408,247.6916690985663,950
121,0,0,449.9429061713311,1653.554049949078,947
122,0,0,433.1252296153845,378.9448601190847,948
123,0,0,426.4756711964769,266.7454731654161,947
124,0,0,429.4844594642457,264.2682708026035,946
125,0,0,435.0168866100935,306.7842414236255,947
126,0,0,460.8258738421096,836.4342003675473,946
127,0,0,452.6468488603018,590.4095721005422,947
128,0,0,436.3493832745253,283.7296493682672,943
129,0,0,440.3453364854428,312.9453378343188,943
130,0,0,437.1095903991391,284.4773746993537,943
131,0,0,479.5704449077642,951.9094882304884,945
132,0,0,453.5828557500336,400.3356627287785,944
133,0,0,462.6144417034522,479.6857602458575,942
134,0,0,439.992228544996,264.2544890178784,945
135,0,0,456.5455631507969,515.2264090505943,945
136,0,0,465.9702891158594,454.962777471686,942
137,0,0,470.7341148689497,538.0771139339345,942
138,0,0,459.1739714533134,412.4793553018988,943
139,0,0,462.3131635270546,714.1265372161355,938
140,0,0,449.2888352462996,276.7267381124903,938
141,0,0,455.2219244819375,332.7193428095274,936
142,0,0,452.4695532597284,304.2247013939564,937
143,0,0,477.603132996817,1037.424551046274,938
144,0,0,456.5942596025215,359.4695226566989,936
145,0,0,469.5309318754126,444.1992866830774,938
146,0,0,462.5435181341729,378.5221434720837,937
147,0,0,454.2249947660247,279.449000832717,932
148,0,0,475.1828298026802,736.8177913505077,931
149,0,0,464.1432217782409,329.2212916712405,935
150,0,0,460.6376816895387,298.9816068298387,930
151,0,0,457.7915555893162,295.1636062248984,932
152,0,0,460.9989574937633,306.6399776086644,931
153,0,0,462.2433247902487,281.9830041148141,931
154,0,0,466.7061639506481,322.7921714174439,928
155,0,0,498.1517572061054,1496.241839337968,929
156,0,0,485.4375369676051,553.2380828390312,930
157,0,0,470.4255580743062,350.4681900028467,928
158,0,0,473.3309817696326,376.0582261868221,924
159,0,0,466.2601091503535,296.2003823211787,925
160,0,0,473.4763127004923,325.5584728664692,923
161,0,0,472.7456067441019,348.6067961096299,922
162,0,0,483.4109300876179,464.2796416852971,924
163,0,0,483.310466420861,446.4389681560237,924
164,0,0,476.5788181542596,347.2911666083161,916
165,0,0,477.8811265657287,333.1021859363777,920
166,0,0,474.6086912579917,449.6487309429617,917
167,0,0,493.185545093077,634.7157261678606,914
168,0,0,470.9434252647191,321.1781624045925,917
169,0,0,483.5582697744164,424.3833243511972,914
170,0,0,475.5110089021941,274.064202460744,915
171,0,0,477.1778416322022,271.5589864554087,918
172,0,0,476.0559324577666,271.1708725967279,913
173,0,0,491.1076523162319,324.2234755915163,913
174,0,0,490.8352623750929,342.2700460242238,912
175,0,0,501.3592245970976,418.3085246022761,913
176,0,0,505.7480272312899,564.9909354169291,911
177,0,0,497.7750206627183,318.0236346187833,912
178,0,0,527.0704396736295,1131.060754839865,915
179,0,0,516.9266804239826,530.4502366396059,915
180,0,0,549.2284848691143,2116.9258229239,910
181,0,0,524.1127245342261,601.9240416998597,909
182,0,0,512.8617074411479,353.8229966571234,911
183,0,0,538.2488032757354,695.7708433516779,910
184,0,0,534.3340873353511,558.737146852087,911
185,0,0,528.6658613953053,464.7570411506484,907
186,0,0,544.9921514112145,1027.972559350018,906
187,0,0,524.2941263796887,411.6315799924503,902
188,0,0,529.2128527116171,424.8263951863665,904
189,0,0,529.8856582486455,435.4402987981704,903
190,0,0,519.0708703239267,344.1164784922917,904
191,0,0,530.4852185170711,388.6345558709172,899
192,0,0,540.6761652838825,490.7672149708267,901
193,0,0,539.3163436916506,403.6081744868249,904
194,0,0,530.9981955950363,364.2746686943903,898
195,0,0,543.9846318308942,461.7366629802669,898
196,0,0,533.5478093480203,347.7390884795054,896
197,0,0,550.3064565703478,447.740326861573,895
198,0,0,555.3214441331238,457.632948785323,892
199,0,0,550.8345728967755,405.3482651125523,894
200,0,0,546.1769960186358,398.6430715379327,894
201,0,0,567.9847466178365,589.639322076019,892
202,0,0,579.9109418836889,626.080293436058,893
203,0,0,570.8842392740269,544.5012841218697,891
204,0,0,572.8750318027166,520.957224255166,893
205,0,0,582.997159366389,669.4794815650682,892
206,0,0,573.4735981949175,463.1037628791073,885
207,0,0,560.8084776057749,385.5679527651357,884
208,0,0,610.6032754339722,2280.366682823952,886
209,0,0,565.370298990119,400.8617814270931,883
210,0,0,574.5365747136599,423.8739786541156,883
211,0,0,584.8182690280494,459.8852294807549,883
212,0,0,603.1475393336775,660.9579281039727,882
213,0,0,615.8451707880896,752.8054732433984,882
214,0,0,643.8012299659725,998.8690345747527,884
215,0,0,603.7860632983236,476.433044365566,882
216,0,0,604.2416356776268,463.78199512644,878
217,0,0,609.2286479028065,461.9874283754166,878
218,0,0,628.2940622176644,547.8573107179333,877
219,0,0,625.3562893077222,498.9877990035385,877
220,0,0,631.6846193769118,523.9548423843454,873
221,0,0,641.2435832560105,553.8868554100339,875
222,0,0,662.9984940717242,1199.647529903909,872
223,0,0,671.4804858320512,1125.58311132046,872
224,0,0,666.7351349964759,667.5408191718202,871
225,0,0,671.6159023138781,655.963483598185,868
226,0,0,671.1410457026743,585.4776969083124,868
227,0,0,672.031285379789,575.6743530677621,866
228,0,0,688.1330979681636,644.0482939195148,868
229,0,0,702.4610906493201,693.0177038772347,863
230,0,0,717.1315814892614,796.5958997922168,865
231,0,0,712.0604354604321,722.4365656881828,861
232,0,0,732.6175894760136,919.1125842372186,862
233,0,0,731.6172047557411,827.1862707740162,857
234,0,0,739.5189726444465,798.5889155892622,855
235,0,0,746.9198688489539,837.9335149361349,854
236,0,0,773.5335944775685,1054.474915786325,849
237,0,0,769.6810763363389,911.16717308017,848
238,0,0,780.8154976746201,970.495997364804,847
239,0,0,786.0423146028859,870.0816241302019,846
240,0,0,794.3291030317384,838.123773931301,846
241,0,0,815.5035012793348,913.3754210853873,846
242,0,0,843.3734636846842,1199.65774741828,845
243,0,0,858.2005143267411,1066.670415111362,845
244,0,0,862.6692661401092,998.3670405015632,840
245,0,0,872.4920936296634,1007.161955967347,835
246,0,0,887.4232962704854,989.1825669765338,839
247,0,0,915.9563810707808,1075.766293732458,837
248,0,0,955.9465477643553,1308.868543851213,833
249,0,0,1009.797726927332,2003.827892376634,829
250,0,0,999.9117725616702,1308.086512692421,824
251,0,0,1061.722580803638,2042.665231714477,824
252,0,0,1083.48307944395,1603.092132563631,820
253,0,0,1149.756266663305,2045.277967899855,816
254,0,0,1187.677758927879,2048.484650966947,814
255,0,0,1243.745152397274,2277.526745939117,806
256,0,0,1295.913029556343,2362.357656215957,798
257,0,0,1376.294436347069,2744.163808781931,788
258,0,0,1501.599150866603,3815.784033850502,779
259,0,0,1600.034307570969,3998.075712136418,763
260,0,0,1724.254862464147,4937.108077002068,742
261,0,0,1684.839746213319,5051.414968378559,676
262,0,0,1733.736408995936,5899.115567771956,623
263,0,0,1591.909785792109,5679.824222514235,539
264,0,0,1429.279803004291,5375.148987508896,453
265,0,0,1134.509690326313,4386.758794262454,347
266,0,0,857.16474988903,3566.406204421003,239
267,0,0,571.6049983167466,2368.042828811041,164
268,0,0,340.3770779304534,1466.990664171602,95
269,0,0,169.0972844886609,720.4854123753245,49
270,0,0,68.97349673476234,350.6761995400457,18
271,0,0,11.30369162773974,30.80433008398811,8
272,0,0,7.490206891123316,26.42757524268569,4
273,0,0,9.127840972214038,28.32046817574566,6
274,0,0,5.211485030114549,19.07717591238579,6
275,0,0,1.068614714185327,0.4067168093358035,6
276,0,0,0.2424950433747948,0.0298039509410722,4
277,0,0,0.2006732182867709,0.0201131190370674,3
278,0,0,0.2529161087721984,0.02601739355493808,4
279,0,0,1.196061527026797,0.7986489372940436,8
280,0,0,3.215799453820399,7.480621111809856,5
281,0,0,3.513421067625343,10.52625088734954,6
282,0,0,13.18131026620628,67.62608731004337,7
283,0,0,5.67691717691747,27.46641903141882,3
284,0,0,1.423805401655773,1.335154042943553,5
285,0,0,0.3878280052420073,0.04316787040035962,5
286,0,0,5.39139291209258,23.63826041278926,7
287,0,0,2.538610197432202,3.214419950832883,7
288,0,0,2.561609985216965,1.962492395263584,7
289,0,0,3.809962099273485,5.725327520281613,6
290,0,0,1.517329891272165,1.046472291462929,4
291,0,0,3.023092788867245,3.006424992434424,6
292,0,0,1.734181656520464,1.077642229356777,8
293,0,0,4.223166604351827,8.172786908416782,7
294,0,0,7.368945369348967,16.98350254406805,7
295,0,0,11.62226319426007,53.42280322640372,6
296,0,0,8.139222465652544,29.31957285885654,6
297,0,0,7.260269833804413,36.04318295635581,4
298,0,0,15.23925520937794,101.3503332837773,4
299,0,0,21.14970409259746,196.0651970704068,4
300,0,0,2.098999400004115,2.244970986231161,4
301,0,0,1.533768684574459,1.211889525549272,4
302,0,0,2.386406486879774,2.369853159605325,4
303,0,0,1.889156449274159,1.974143151920133,5
304,0,0,2.076447461654753,2.387627201661106,5
305,0,0,2.791854726340841,3.449135646423612,5
306,0,0,3.297814075211109,5.117127627708522,5
307,0,0,3.504203318619188,5.611148463783822,6
308,0,0,3.375519198259308,5.441326093144062,4
309,0,0,3.879718978056106,7.28158389579562,4
310,0,0,4.340553143375183,9.072097580293557,6
311,0,0,5.248194606469941,11.62556403257343,7
312,0,0,6.101706175371589,17.1299693741499,5
313,0,0,9.382618620832728,39.33475125010008,8
314,0,0,4.000449989266617,6.951453534675299,6
315,0,0,5.532931235699423,11.02601741275809,7
316,0,0,5.748687464013548,13.69891283236198,9
317,0,0,6.815176180603217,26.59649115332362,6
318,0,0,15.49926060064044,72.51119266884851,9
319,0,0,1.451839733919357,1.716046747054342,5
320,0,0,1.512441807212483,1.699687219812404,4
321,0,0,1.627893110623995,1.865010815557974,3
322,0,0,1.890204864814656,2.276657243685879,3
323,0,0,2.265471182935675,2.642202466350693,4
324,0,0,5.631971948181494,16.19076025727503,4
325,0,0,1.728006988253499,2.034679189828461,4
326,0,0,2.109400488419755,3.144843685630152,3
327,0,0,4.11971331749019,8.671112703697998,4
328,0,0,5.315771325166851,15.56895752544471,5
329,0,0,3.052670803286563,4.944213080033076,3
330,0,0,5.021729604700398,8.51338582139908,5
331,0,0,3.11107948057264,5.879883888771104,3
332,0,0,3.47696570121375,7.34602619207411,2
333,0,0,4.136352887537462,9.989810946849508,4
334,0,0,4.979840008866842,16.97172911815406,4
335,0,0,7.407055807191986,43.14563378791057,2
336,0,0,0.9519966418536688,0.8881444945846871,2
337,0,0,2.252165335233085,2.574606103352357,3
338,0,0,1.029418423945307,1.05970229155804,1
339,0,0,3.010267666942093,3.044395444327798,3
340,0,0,1.087264207235502,1.181460120745146,2
341,0,0,1.112513854278301,1.237687075961161,1
342,0,0,1.049781807116969,1.00855630640138,2
343,0,0,1.238989823393636,1.363624659521233,3
344,0,0,17.37105014377359,133.6457599956353,3
345,0,0,1.193901703389671,1.425401277356757,1
346,0,0,1.232416633409778,1.51875037540155,2
347,0,0,1.189037795400757,1.205640472880691,2
348,0,0,2.466792751578824,2.312903324541333,6
349,0,0,1.67678045698711,1.518347189925012,3
350,0,0,1.174586707291895,1.379507543300606,2
351,0,0,1.411305324584538,1.914327145192381,2
352,0,0,4.996511901122602,8.071797070305189,5
353,0,0,1.294281901221075,1.67516563982844,1
354,0,0,1.455026745382115,2.11710282977727,1
355,0,0,1.457212839306548,2.123469259039851,1
356,0,0,1.514795103042319,2.096144379640692,2
357,0,0,1.699156346866704,2.887132291097404,1
358,0,0,1.6694410870712,2.78703354320147,1
359,0,0,1.823063770736368,2.886868994101808,3
360,0,0,3.310484161770487,4.37025425635262,4
361,0,0,4.237906451644309,5.581608852180674,5
362,0,0,2.496205124900301,4.534596412599548,2
363,0,0,2.911829374905222,7.672975091607873,2
364,0,0,3.039990568251792,8.190705909045832,2
365,0,0,4.801598889402841,13.68686608487639,4
366,0,0,5.14265820452948,20.12225130484585,2
367,0,0,11.52381921136406,108.1592977905645,3
368,0,0,2.710316445275518,7.345815233530917,1
369,0,0,0,0,0
370,0,0,0.03022304204375091,0.0009134322703783352,1
371,0,0,0.1268375222083926,0.01454299579529538,3
372,0,0,0.1869604936413894,0.03495421701222871,2
373,0,0,1.798770063117066,2.780927270261722,2
374,0,0,0.116480150303329,0.01356762541468611,1
375,0,0,0.1166228678527627,0.01360089330620295,1
376,0,0,0.1546307440455034,0.02389845729012913,2
377,0,0,0.2281206168352951,0.02436624599432581,3
378,0,0,0.2605962907059894,0.02939118061824597,3
379,0,0,0.5246542663059537,0.1667642523876436,3
380,0,0,0.09820052025821083,0.009642481346650402,2
381,0,0,0.1055873392395017,0.01114613728407632,3
382,0,0,0.3316524109099108,0.05516566851840936,3
383,0,0,0.6587870249866966,0.2170202485139231,6
384,0,0,0.5444188408258374,0.1357879617832395,4
385,0,0,0.4163930579859357,0.08378772592551235,4
386,0,0,0.3978587134850371,0.08315299613529741,3
387,0,0,0.4727656500555086,0.223506791424026,2
388,0,0,0.01020970643429582,0.0001042364528488957,2
389,0,0,0,0,0
390,0,0,0.299423846741206,0.08965463999730124,1
391,0,0,0,0,0
392,0,0,0.006232988888086766,3.88501504790131e-05,1
393,0,0,0,0,0
394,0,0,2.106094143528026e-08,4.435632541403048e-16,1
395,0,0,2.545651466334675e-05,6.480341388051882e-10,1
396,0,0,1.267606179127711,1.606825425362754,1
397,0,0,0.04419434386173977,0.001953140029369695,1
398,0,0,0,0,0
399,0,0,0,0,0
400,0,0,0.1612052525347963,0.01659775608742742,2
401,0,0,1.017804848674587,1.035926709985498,1
402,0,0,0,0,0
403,0,0,1.918460338856676e-05,3.680490071766071e-10,1
404,0,0,1.697497505146316,2.881497779977968,1
405,0,0,0,0,0
406,0,0,2.173885604861425e-08,4.725778623023725e-16,1
407,0,0,2.042828555204323e-07,4.173148505958184e-14,1
408,0,0,0,0,0
409,0,0,0,0,0
410,0,0,0.01933172024136418,0.0003737154074903694,1
411,0,0,0,0,0
412,0,0,5.486746204041992e-07,3.010438390756921e-13,1
413,0,0,0,0,0
414,0,0,0.008502295103138047,7.224052135540923e-05,2
415,0,0,0,0,0
416,0,0,2.769412560610363e-05,7.669645930866445e-10,1
417,0,0,0.03267858120958821,0.001067889669871652,1
418,0,0,0.1681624921760711,0.02467305782219385,4
419,0,0,0.1249657959021731,0.01561645014546359,1
420,0,0,0.660265032163744,0.2945346447875004,5
421,0,0,0.003043679800157406,9.263986725886227e-06,1
422,0,0,0.003773414742247398,1.38479485590592e-05,2
423,0,0,0.002299083792081547,5.285786283012064e-06,1
424,0,0,0,0,0
425,0,0,0.1395512105250059,0.01734460563509546,3
426,0,0,0.003391548760829956,1.114176781174327e-05,2
427,0,0,0.003848124441309858,1.480806171580631e-05,1
428,0,0,0,0,0
429,0,0,0,0,0
430,0,0,0,0,0
431,0,0,0.03500158851292273,0.001225111198427964,1
432,0,0,0.01985265092899038,0.0003941277489083425,1
433,0,0,0.1386272514722802,0.01921751485075882,1
434,0,0,0.2187696955334603,0.02478150041431291,2
435,0,0,0.07647514894565105,0.005848448406259513,1
436,0,0,0.09086517202963564,0.00800179459172309,2
437,0,0,0.102889913314246,0.01058633426181307,1
438,0,0,0.09953554735433924,0.00990732216232532,2
439,0,0,0.09678429186128612,0.008779161619275765,2
440,0,0,0.1012215489075908,0.01024580196325179,1
441,0,0,0.1227646127432043,0.01507115014198892,1
442,0,0,0.1040703040321072,0.01083062818133522,1
443,0,0,10.80285631518924,114.3324162683961,3
444,0,0,4.034726147794103,15.45809945005056,2
445,0,0,1.633945043223829,2.257032883147317,2
446,0,0,0.09281478163370799,0.008614583689712898,1
447,0,0,0.1689181731265713,0.02853334921241831,1
448,0,0,0.227804228582935,0.05189476656026611,1
449,0,0,0.1206139539192162,0.0145477258800268,1
450,0,0,0.1136473483021151,0.01291571977610228,1
451,0,0,1.127784867932074,1.065388371465782,2
452,0,0,0.1007207706093721,0.01014467363214576,1
453,0,0,0.3570154849780465,0.1274600565141097,1
454,0,0,0.6622566505170682,0.4385838711540861,1
455,0,0,0.3818858733458473,0.1458368202611205,1
456,0,0,0.08050678864206567,0.006481343017458235,1
457,0,0,0.1517161273757529,0.02289517505552353,2
458,0,0,0.092060702063471,0.008475026485209838,2
459,0,0,0.09940689234774747,0.009879090685853522,2
460,0,0,0.1164689508967729,0.009268526302067244,3
461,0,0,0.1511795699018529,0.02281714791707141,2
462,0,0,0.1019638736072817,0.01039663152100172,1
463,0,0,0.09939720876031814,0.009879389266990193,2
464,0,0,0.09348250075152287,0.008738977946758474,1
465,0,0,0.09478185263126447,0.008975327812538772,2
466,0,0,0.1398911503955439,0.01047025763289692,3
467,0,0,0.1851345271369825,0.01402731464496422,3
468,0,0,0.08788462191421813,0.00628292424170445,2
469,0,0,0.09827210414220508,0.009657406452536401,1
470,0,0,0.2735804824385331,0.07484628037130049,1
471,0,0,0.09421104195254582,0.007583356397517161,2
472,0,0,0.7011504839730603,0.3883637537244951,3
473,0,0,5.084253885985616,24.59650465476323,2
474,0,0,0.1216448127029484,0.0147974604575354,1
475,0,0,0.0946013940263646,0.008949423751731491,1
476,0,0,0.1542064595676409,0.02377963217238648,1
477,0,0,0.1727754287116378,0.02985134876649025,1
478,0,0,0.1728323573069286,0.02987102373226984,1
479,0,0,0.5250508882236979,0.2756784352244941,1
480,0,0,1.380750892460789,1.906473027031265,1
481,0,0,0,0,0
482,0,0,0,0,0
483,0,0,0.000968782668564927,9.385398589117813e-07,1
484,0,0,0,0,0
485,0,0,0,0,0
486,0,0,0.001304166381714822,1.70084995119513e-06,1
487,0,0,0,0,0
488,0,0,0.0009852802953673745,9.707772604392207e-07,1
489,0,0,0.0006244200517357967,3.89900401009735e-07,1
490,0,0,0.001269477580649436,1.611573327771546e-06,1
491,0,0,0,0,0
492,0,0,0,0,0
493,0,0,0.0001572199530528451,2.471811363793881e-08,1
494,0,0,0,0,0
495,0,0,0,0,0
496,0,0,0,0,0
497,0,0,0,0,0
498,0,0,3.935107201868959e-05,1.548506869020095e-09,1
499,0,0,0,0,0
