# mesh name: boxMesh_1
# primitive scorer name: doseScorer
# iX, iY, iZ, total(value) [MeV], total(val^2), entry
0,0,0,0.2702550821205669,0.07303780941199438,1
1,0,0,0.3696627774719732,0.1366505690482936,1
2,0,0,0.3864261341210034,0.1493251571317037,1
3,0,0,0.3335741272788541,0.1112716983898492,1
4,0,0,0.3291286313593329,0.1083256559804677,1
5,0,0,0.5442855154384174,0.2962467223160637,1
6,0,0,0.2856909641670093,0.08161932700667542,1
7,0,0,0.2886723170855133,0.08333170665151912,1
8,0,0,0.3339184519390955,0.1115015325454021,1
9,0,0,0.3094425530482601,0.09575469363702528,1
10,0,0,0.2944884745639668,0.08672346165101209,1
11,0,0,0.295439680815887,0.08728460500059317,1
12,0,0,0.2629542528055752,0.06914493906853836,1
13,0,0,0.49162710632816,0.2416972116765999,1
14,0,0,0.2939171631362125,0.08638729878603897,1
15,0,0,0.3449884468531693,0.119017028462162,1
16,0,0,0.2569555371845673,0.06602614808980956,1
17,0,0,0.3274176868941328,0.1072023416911043,1
18,0,0,0.2811542655603196,0.07904772104276274,1
19,0,0,0.3961318412456006,0.1569204356486298,1
20,0,0,0.3222902034877653,0.1038709752641852,1
21,0,0,0.3637541533080579,0.1323170840488621,1
22,0,0,0.3316251444339715,0.1099752364208524,1
23,0,0,0.2929446495682352,0.08581656771065611,1
24,0,0,0.2890011075738107,0.0835216401788893,1
25,0,0,0.2900043718436565,0.08410253568843376,1
26,0,0,0.3083305012514571,0.09506769800197476,1
27,0,0,0.5152828289939521,0.2655163938560104,1
28,0,0,0.4218608824370753,0.1779666041305879,1
29,0,0,0.2805900987124864,0.07873080349548287,1
30,0,0,0.3932449724557595,0.154641608361731,1
31,0,0,0.6153486642739776,0.3786539786237684,1
32,0,0,0.2838199640745208,0.08055377200726228,1
33,0,0,0.293583642562365,0.08619135518018647,1
34,0,0,0.2677890005195633,0.07171094879926669,1
35,0,0,0.2857885315917486,0.08167508478936786,1
36,0,0,0.4137988818710887,0.1712295146377632,1
37,0,0,0.3367551587144553,0.113404036920798,1
38,0,0,0.3395843497867398,0.1153175306200829,1
39,0,0,0.2570847916866968,0.06609259011659228,1
40,0,0,0.5314658625774413,0.2824559630851837,1
41,0,0,0.2781707808803049,0.07737898333555863,1
42,0,0,0.3121386916416313,0.09743056281974941,1
43,0,0,0.3572009573115084,0.1275925239042581,1
44,0,0,0.2736900949223711,0.07490626805861651,1
45,0,0,0.4244202955414035,0.1801325872674523,1
46,0,0,0.4236254035437278,0.1794584825275862,1
47,0,0,0.2840772923154524,0.08069990800927897,1
48,0,0,0.5085340666993658,0.2586068969937951,1
49,0,0,0.3788645317687572,0.1435383334323596,1
50,0,0,0.3999110250764449,0.1599288279776929,1
51,0,0,0.4978276843142556,0.2478324032696941,1
52,0,0,0.3354495584938877,0.1125264062937442,1
53,0,0,0.3478391534139821,0.1209920766477558,1
54,0,0,0.3184930131284986,0.10143779941167,1
55,0,0,0.3044041516773734,0.09266188755842138,1
56,0,0,0.3942045170419559,0.1553972012562817,1
57,0,0,0.3269432026990626,0.1068918577911204,1
58,0,0,0.577143407529328,0.333094512854564,1
59,0,0,0.3612751517801187,0.1305197352937478,1
60,0,0,0.3126465280240022,0.09774785148546321,1
61,0,0,0.7020757914668093,0.4929104169637467,1
62,0,0,0.3070554075955511,0.09428302333366999,1
63,0,0,0.4699737770406492,0.2208753511058538,1
64,0,0,0.2917731099010868,0.08513154766135167,1
65,0,0,0.6416249330959919,0.4116825547704361,1
66,0,0,0.5102630553654725,0.2603683856709072,1
67,0,0,0.3610100848173158,0.1303282813398056,1
68,0,0,0.3063645432063704,0.09385923333404797,1
69,0,0,0.2920036126592287,0.08526610980604087,1
70,0,0,0.3124325682606855,0.09761410970996789,1
71,0,0,0.3391699405270508,0.1150362485571232,1
72,0,0,0.3286722388961663,0.1080254406210186,1
73,0,0,0.339072360486589,0.1149700656459474,1
74,0,0,0.3367178472114639,0.1133789086307228,1
75,0,0,0.3176770977880427,0.1009187384590336,1
76,0,0,0.3245544772966119,0.1053356087332769,1
77,0,0,0.3966437899503562,0.1573262961061823,1
78,0,0,0.4356852709296516,0.189821655305044,1
79,0,0,0.2955172692565971,0.08733045642887612,1
80,0,0,0.3456404734576197,0.1194673368920075,1
81,0,0,0.3396627812576645,0.115370804971692,1
82,0,0,0.3341484312224428,0.1116551740884196,1
83,0,0,0.3404510699416545,0.1159069310244173,1
84,0,0,0.3898107998550653,0.1519524596836458,1
85,0,0,0.4076951073293997,0.1662153005403308,1
86,0,0,0.3894497781825434,0.1516711297264323,1
87,0,0,0.4689150877534823,0.219881359522856,1
88,0,0,0.6155671197706927,0.3789228789427863,1
89,0,0,0.3747303932560934,0.1404228676298664,1
90,0,0,0.3157834955192169,0.09971921604233529,1
91,0,0,0.4129696100116269,0.1705438987931552,1
92,0,0,0.4778354779804702,0.2283267440168244,1
93,0,0,0.3742011977656219,0.1400265364092261,1
94,0,0,0.3478357252729696,0.1209896917761728,1
95,0,0,0.4223321236326299,0.178364422652047,1
96,0,0,0.3621632579047108,0.131162225376154,1
97,0,0,0.5011851568825272,0.2511865614793634,1
98,0,0,0.3657840055109474,0.1337979386876328,1
99,0,0,0.377514391418719,0.1425171157282458,1
100,0,0,0.4381406960623603,0.1919672695460096,1
101,0,0,0.5151181203268089,0.2653466778890248,1
102,0,0,0.5086490830155748,0.2587238896525851,1
103,0,0,0.3444387647389959,0.1186380626549254,1
104,0,0,0.4957711982543023,0.2457890810185067,1
105,0,0,0.4410755423342824,0.1945476340454813,1
106,0,0,0.4107325482063823,0.1687012261561081,1
107,0,0,0.6153864276480384,0.3787004553334144,1
108,0,0,0.3630964248235216,0.1318390137196233,1
109,0,0,0.3605565335292136,0.1300010138706029,1
110,0,0,0.3601318654876254,0.1296949605395971,1
111,0,0,0.4188205913723184,0.1754106877574585,1
112,0,0,0.5004538824947302,0.2504540885040493,1
113,0,0,0.3786084392272712,0.1433443502541103,1
114,0,0,0.4996983040054876,0.2496983950259608,1
115,0,0,0.4107379617426007,0.1687056732164661,1
116,0,0,0.3337188308768838,0.1113682580818341,1
117,0,0,0.4078770257407371,0.16636366812711,1
118,0,0,0.5420963372860556,0.2938684388989569,1
119,0,0,0.4220255379693768,0.1781055546983419,1
120,0,0,0.6406927209936655,0.4104871627342669,1
121,0,0,0.3448899566830888,0.1189490822208629,1
122,0,0,0.3562887335565467,0.1269416616593279,1
123,0,0,0.4148654559843498,0.1721133465691025,1
124,0,0,0.5356606776084523,0.2869323615359463,1
125,0,0,0.4578868138714084,0.2096603343173098,1
126,0,0,0.3612013824135221,0.1304664386574395,1
127,0,0,0.4264714156285172,0.1818778683481915,1
128,0,0,0.4350537983142512,0.1892718074276571,1
129,0,0,0.4426310872786877,0.1959222794255133,1
130,0,0,0.4397614579816315,0.1933901399261302,1
131,0,0,0.4085031394164796,0.1668748149131198,1
132,0,0,0.6177094608405777,0.3815649780119572,1
133,0,0,0.4357029076290581,0.1898370237164155,1
134,0,0,0.397767239908592,0.1582187771444994,1
135,0,0,0.5317285697140161,0.2827352718501132,1
136,0,0,0.3948888995197741,0.1559372429639383,1
137,0,0,0.4135299188487745,0.1710069937830741,1
138,0,0,0.4096219847958444,0.167790170428087,1
139,0,0,0.3953334021461837,0.1562884988524762,1
140,0,0,0.4220113631616743,0.1780935906375746,1
141,0,0,0.4368081478657045,0.1908013580418672,1
142,0,0,0.3749171687924679,0.1405628834553599,1
143,0,0,0.4910702795266179,0.2411500194343506,1
144,0,0,0.4471898334528018,0.1999787471435446,1
145,0,0,0.3639829931300173,0.1324836192878862,1
146,0,0,0.3827182796414867,0.1464732815717393,1
147,0,0,0.4503259427368265,0.2027934547018115,1
148,0,0,0.5227929513182087,0.2733124699480029,1
149,0,0,0.4986535396967451,0.2486553526520933,1
150,0,0,0.4294968871401421,0.1844675760630719,1
151,0,0,0.3966972116671542,0.1573686777444949,1
152,0,0,0.5583499427017594,0.311754658515058,1
153,0,0,0.4490499060751966,0.2016458181461429,1
154,0,0,0.6062319996130979,0.3675172373548952,1
155,0,0,0.682930304142375,0.4663938003159968,1
156,0,0,0.5869670986600508,0.3445303749093978,1
157,0,0,0.5061937440145741,0.2562321064794921,1
158,0,0,0.4307172493294347,0.1855173488699144,1
159,0,0,0.6002158116562774,0.3602590205622038,1
160,0,0,0.4437675744844822,0.1969296601638404,1
161,0,0,0.4936478604079075,0.243688210085305,1
162,0,0,0.4675733985180037,0.2186248830016759,1
163,0,0,0.5196152160379454,0.2699999727381606,1
164,0,0,0.5460123666621278,0.2981295045479779,1
165,0,0,0.4926811558791006,0.2427347213583666,1
166,0,0,0.5283866857502479,0.2791924896781313,1
167,0,0,0.4579022435333907,0.2096744646329126,1
168,0,0,0.5567012499858891,0.3099162817358514,1
169,0,0,0.4458987726916446,0.1988257154879149,1
170,0,0,0.658606557887905,0.4337625980929544,1
171,0,0,0.4310636577597418,0.1858158770412078,1
172,0,0,0.5552971203375108,0.3083548918551319,1
173,0,0,0.5174305828830026,0.2677344081026438,1
174,0,0,0.6259198362377127,0.3917756413958451,1
175,0,0,0.5552315083597202,0.3082820278754101,1
176,0,0,0.6830063769006006,0.4664977108868853,1
177,0,0,0.4853684749030192,0.2355825564296827,1
178,0,0,0.4684762976018342,0.2194700414147223,1
179,0,0,0.5241488997049937,0.2747320690619555,1
180,0,0,0.4661189675730397,0.2172668919313564,1
181,0,0,0.6222841375679088,0.387237547868636,1
182,0,0,0.5191754175288122,0.2695431141662165,1
183,0,0,0.4707351172230583,0.2215915505870065,1
184,0,0,0.4428075322790985,0.1960785106431049,1
185,0,0,0.5629202531193896,0.3168792113719977,1
186,0,0,0.6324610108384745,0.400006930230825,1
187,0,0,0.5824011911780065,0.3391911474855608,1
188,0,0,0.5286435816397814,0.2794640364089362,1
189,0,0,0.4676342857227534,0.2186818251834298,1
190,0,0,0.5469027760181318,0.2991026464163388,1
191,0,0,0.6499957295376734,0.4224944484172122,1
192,0,0,0.5121006238006149,0.262247048896979,1
193,0,0,0.5199826492199652,0.2703819554898134,1
194,0,0,0.5257292525474998,0.2763912469841528,1
195,0,0,0.5188678962514608,0.2692238937604167,1
196,0,0,0.5451548758919201,0.2971938387087348,1
197,0,0,0.5575750301278978,0.3108899142221261,1
198,0,0,0.5788723050470549,0.3350931455504906,1
199,0,0,0.5700056688300112,0.3249064624983485,1
200,0,0,0.5268047138474252,0.2775232065318676,1
201,0,0,0.5286426699330564,0.2794630724739504,1
202,0,0,0.5744512766216978,0.3299942692122984,1
203,0,0,0.6589468071404259,0.4342108946405616,1
204,0,0,0.6298669771157505,0.3967324088609333,1
205,0,0,0.5414338947940289,0.2931506624318316,1
206,0,0,0.6379422460959133,0.4069703093538988,1
207,0,0,0.5920796714638392,0.3505583373607278,1
208,0,0,0.6962231380778016,0.4847266579949016,1
209,0,0,0.7811846921208641,0.6102495232039692,1
210,0,0,0.6190858956800304,0.3832673462299455,1
211,0,0,0.627858232073772,0.3942059595828025,1
212,0,0,0.6029110748606461,0.3635017641896196,1
213,0,0,0.7659354787467706,0.5866571576030447,1
214,0,0,0.6526498975454218,0.4259518887660496,1
215,0,0,0.7720328915639133,0.5960347856565371,1
216,0,0,0.6960540896469736,0.4844912957142771,1
217,0,0,0.7061959330967296,0.4987126959223606,1
218,0,0,0.614129329829322,0.3771548337566122,1
219,0,0,0.6544701339140229,0.428331156185439,1
220,0,0,0.6409012667565396,0.4107544337301371,1
221,0,0,0.7419406657218656,0.5504759514518051,1
222,0,0,0.8005608406325695,0.6408976595543263,1
223,0,0,0.7893476938632678,0.623069781807259,1
224,0,0,0.6716102107966823,0.451060275246364,1
225,0,0,0.632899685704679,0.4005620121650815,1
226,0,0,0.7069006929870122,0.4997085897455181,1
227,0,0,0.8319744290725134,0.6921814506305346,1
228,0,0,0.7674336148253257,0.5889543531638664,1
229,0,0,0.8194059882866652,0.6714261736400465,1
230,0,0,0.7311636821856751,0.5346003301473149,1
231,0,0,0.7067817723992483,0.4995404737958229,1
232,0,0,0.9207450922898446,0.8477715249758344,1
233,0,0,0.8201992124882522,0.6727267481663491,1
234,0,0,0.8841499145009969,0.7817210713121201,1
235,0,0,0.8399525850440019,0.7055203451221013,1
236,0,0,0.7811569601939365,0.6102061964594314,1
237,0,0,0.8844797752470868,0.7823044728211371,1
238,0,0,0.8744617388195292,0.7646833326592745,1
239,0,0,0.9249519103056832,0.8555360363781327,1
240,0,0,1.039250808417166,1.080042242795732,1
241,0,0,1.041054191034006,1.083793828669469,1
242,0,0,1.080402227751392,1.167268973730171,1
243,0,0,1.072729099738725,1.150747721426256,1
244,0,0,1.117371700102319,1.248519516189547,1
245,0,0,1.07145119030244,1.148007653200515,1
246,0,0,1.144758194836553,1.310471324645444,1
247,0,0,1.233900482252333,1.52251040010254,1
248,0,0,1.272465389786155,1.619168168203631,1
249,0,0,1.129534288333265,1.275847708520535,1
250,0,0,1.283395000668019,1.647102727739665,1
251,0,0,1.43395645718313,2.056231121097193,1
252,0,0,1.601355693949783,2.564340058545393,1
253,0,0,1.495829949383975,2.237507237474064,1
254,0,0,1.633063677573143,2.666896975008718,1
255,0,0,1.823631514282101,3.32563189988283,1
256,0,0,2.093595982739115,4.383144138941359,1
257,0,0,2.288697704590896,5.238137182999635,1
258,0,0,2.68800050002942,7.225346688158411,1
259,0,0,3.823899739354605,14.62220921663622,1
260,0,0,4.621090561709942,21.35447797952471,1
261,0,0,0,0,0
262,0,0,0,0,0
263,0,0,0,0,0
264,0,0,0,0,0
265,0,0,0,0,0
266,0,0,0,0,0
267,0,0,0,0,0
268,0,0,0,0,0
269,0,0,0,0,0
270,0,0,0,0,0
271,0,0,0,0,0
272,0,0,0,0,0
273,0,0,0,0,0
274,0,0,0,0,0
275,0,0,0,0,0
276,0,0,0,0,0
277,0,0,0,0,0
278,0,0,0,0,0
279,0,0,0,0,0
280,0,0,0,0,0
281,0,0,0,0,0
282,0,0,0,0,0
283,0,0,0,0,0
284,0,0,0,0,0
285,0,0,0,0,0
286,0,0,0,0,0
287,0,0,0,0,0
288,0,0,0,0,0
289,0,0,0,0,0
290,0,0,0,0,0
291,0,0,0,0,0
292,0,0,0,0,0
293,0,0,0,0,0
294,0,0,0,0,0
295,0,0,0,0,0
296,0,0,0,0,0
297,0,0,0,0,0
298,0,0,0,0,0
299,0,0,0,0,0
300,0,0,0,0,0
301,0,0,0,0,0
302,0,0,0,0,0
303,0,0,0,0,0
304,0,0,0,0,0
305,0,0,0,0,0
306,0,0,0,0,0
307,0,0,0,0,0
308,0,0,0,0,0
309,0,0,0,0,0
310,0,0,0,0,0
311,0,0,0,0,0
312,0,0,0,0,0
313,0,0,0,0,0
314,0,0,0,0,0
315,0,0,0,0,0
316,0,0,0,0,0
317,0,0,0,0,0
318,0,0,0,0,0
319,0,0,0,0,0
320,0,0,0,0,0
321,0,0,0,0,0
322,0,0,0,0,0
323,0,0,0,0,0
324,0,0,0,0,0
325,0,0,0,0,0
326,0,0,0,0,0
327,0,0,0,0,0
328,0,0,0,0,0
329,0,0,0,0,0
330,0,0,0,0,0
331,0,0,0,0,0
332,0,0,0,0,0
333,0,0,0,0,0
334,0,0,0,0,0
335,0,0,0,0,0
336,0,0,0,0,0
337,0,0,0,0,0
338,0,0,0,0,0
339,0,0,0,0,0
340,0,0,0,0,0
341,0,0,0,0,0
342,0,0,0,0,0
343,0,0,0,0,0
344,0,0,0,0,0
345,0,0,0,0,0
346,0,0,0,0,0
347,0,0,0,0,0
348,0,0,0,0,0
349,0,0,0,0,0
350,0,0,0,0,0
351,0,0,0,0,0
352,0,0,0,0,0
353,0,0,0,0,0
354,0,0,0,0,0
355,0,0,0,0,0
356,0,0,0,0,0
357,0,0,0,0,0
358,0,0,0,0,0
359,0,0,0,0,0
360,0,0,0,0,0
361,0,0,0,0,0
362,0,0,0,0,0
363,0,0,0,0,0
364,0,0,0,0,0
365,0,0,0,0,0
366,0,0,0,0,0
367,0,0,0,0,0
368,0,0,0,0,0
369,0,0,0,0,0
370,0,0,0,0,0
371,0,0,0,0,0
372,0,0,0,0,0
373,0,0,0,0,0
374,0,0,0,0,0
375,0,0,0,0,0
376,0,0,0,0,0
377,0,0,0,0,0
378,0,0,0,0,0
379,0,0,0,0,0
380,0,0,0,0,0
381,0,0,0,0,0
382,0,0,0,0,0
383,0,0,0,0,0
384,0,0,0,0,0
385,0,0,0,0,0
386,0,0,0,0,0
387,0,0,0,0,0
388,0,0,0,0,0
389,0,0,0,0,0
390,0,0,0,0,0
391,0,0,0,0,0
392,0,0,0,0,0
393,0,0,0,0,0
394,0,0,0,0,0
395,0,0,0,0,0
396,0,0,0,0,0
397,0,0,0,0,0
398,0,0,0,0,0
399,0,0,0,0,0
400,0,0,0,0,0
401,0,0,0,0,0
402,0,0,0,0,0
403,0,0,0,0,0
404,0,0,0,0,0
405,0,0,0,0,0
406,0,0,0,0,0
407,0,0,0,0,0
408,0,0,0,0,0
409,0,0,0,0,0
410,0,0,0,0,0
411,0,0,0,0,0
412,0,0,0,0,0
413,0,0,0,0,0
414,0,0,0,0,0
415,0,0,0,0,0
416,0,0,0,0,0
417,0,0,0,0,0
418,0,0,0,0,0
419,0,0,0,0,0
420,0,0,0,0,0
421,0,0,0,0,0
422,0,0,0,0,0
423,0,0,0,0,0
424,0,0,0,0,0
425,0,0,0,0,0
426,0,0,0,0,0
427,0,0,0,0,0
428,0,0,0,0,0
429,0,0,0,0,0
430,0,0,0,0,0
431,0,0,0,0,0
432,0,0,0,0,0
433,0,0,0,0,0
434,0,0,0,0,0
435,0,0,0,0,0
436,0,0,0,0,0
437,0,0,0,0,0
438,0,0,0,0,0
439,0,0,0,0,0
440,0,0,0,0,0
441,0,0,0,0,0
442,0,0,0,0,0
443,0,0,0,0,0
444,0,0,0,0,0
445,0,0,0,0,0
446,0,0,0,0,0
447,0,0,0,0,0
448,0,0,0,0,0
449,0,0,0,0,0
450,0,0,0,0,0
451,0,0,0,0,0
452,0,0,0,0,0
453,0,0,0,0,0
454,0,0,0,0,0
455,0,0,0,0,0
456,0,0,0,0,0
457,0,0,0,0,0
458,0,0,0,0,0
459,0,0,0,0,0
460,0,0,0,0,0
461,0,0,0,0,0
462,0,0,0,0,0
463,0,0,0,0,0
464,0,0,0,0,0
465,0,0,0,0,0
466,0,0,0,0,0
467,0,0,0,0,0
468,0,0,0,0,0
469,0,0,0,0,0
470,0,0,0,0,0
471,0,0,0,0,0
472,0,0,0,0,0
473,0,0,0,0,0
474,0,0,0,0,0
475,0,0,0,0,0
476,0,0,0,0,0
477,0,0,0,0,0
478,0,0,0,0,0
479,0,0,0,0,0
480,0,0,0,0,0
481,0,0,0,0,0
482,0,0,0,0,0
483,0,0,0,0,0
484,0,0,0,0,0
485,0,0,0,0,0
486,0,0,0,0,0
487,0,0,0,0,0
488,0,0,0,0,0
489,0,0,0,0,0
490,0,0,0,0,0
491,0,0,0,0,0
492,0,0,0,0,0
493,0,0,0,0,0
494,0,0,0,0,0
495,0,0,0,0,0
496,0,0,0,0,0
497,0,0,0,0,0
498,0,0,0,0,0
499,0,0,0,0,0
