# mesh name: boxMesh_1
# primitive scorer name: doseScorer
# iX, iY, iZ, total(value) [MeV], total(val^2), entry
0,0,0,328.9410535573958,114.1705602274891,1000
1,0,0,330.4213722323599,132.3997768432203,1000
2,0,0,336.8545488716025,262.2225564681839,1000
3,0,0,340.3499548081381,435.2255191430287,1000
4,0,0,328.7333549275805,116.3639902755678,1000
5,0,0,341.1612473910234,164.2094251119229,1000
6,0,0,337.0449193860907,152.3800794258088,999
7,0,0,334.8378376709999,130.3463890809299,999
8,0,0,350.475289266332,527.2307567420354,999
9,0,0,341.4241261293644,278.3487795995607,999
10,0,0,335.0693561976188,133.282074433008,998
11,0,0,335.6385271181483,133.0349925973556,998
12,0,0,358.8181610619707,463.756574712414,998
13,0,0,363.729961554379,336.2841962726679,998
14,0,0,360.2436867535267,300.670651927308,998
15,0,0,364.4694047916296,387.8870329939207,997
16,0,0,370.1233455103286,417.8807286445476,997
17,0,0,372.2117188379638,523.6840845030307,998
18,0,0,359.1145888292725,317.8085429936953,996
19,0,0,355.3507814368343,242.0754226059147,996
20,0,0,349.4348163711333,191.1075334280762,996
21,0,0,364.7133208433891,362.2107516841307,996
22,0,0,351.5768569373027,271.3833774420639,996
23,0,0,349.8113755468988,193.8411816424976,996
24,0,0,337.7446990213141,128.4528200200091,994
25,0,0,358.4481138013703,252.8398000163194,994
26,0,0,356.8236212230049,252.7532288184044,993
27,0,0,381.2398844112739,566.2035468886543,993
28,0,0,392.0608938440452,1128.912555953644,992
29,0,0,376.2682674668825,456.5791248229784,992
30,0,0,389.4444845210724,752.3841365545289,992
31,0,0,365.741584841219,275.4198093299958,992
32,0,0,379.0913978154827,361.4970846176365,992
33,0,0,364.6408670803551,202.4254953055547,993
34,0,0,363.1334629845231,219.0024394257531,992
35,0,0,371.9489089911029,325.2897471951259,991
36,0,0,385.9389730487763,577.540264908606,991
37,0,0,353.2793166791615,173.5740231663046,990
38,0,0,361.6902197310143,164.5857698740438,990
39,0,0,387.2836434853696,696.8890596693985,988
40,0,0,357.5898709668336,181.4570997434749,987
41,0,0,359.7650229973347,178.4335482819668,987
42,0,0,353.8413798494879,152.7043572785442,986
43,0,0,361.1311372293338,176.1278120516625,987
44,0,0,394.9239762535957,662.1983794878641,986
45,0,0,367.8587585604603,255.9678998077344,985
46,0,0,397.7473595854325,572.9945187508848,985
47,0,0,373.4742910371119,331.1219172927179,985
48,0,0,388.2222315163473,394.7167518826887,985
49,0,0,411.591255862205,649.7061085445757,985
50,0,0,402.3753477954774,649.5622547113552,985
51,0,0,385.7494552050294,333.4862716947687,985
52,0,0,390.4341115770424,295.0045133421542,985
53,0,0,483.1607018077344,5517.050167286981,985
54,0,0,430.2275292030617,817.3407848867105,986
55,0,0,385.3758652860572,238.9727723910672,985
56,0,0,385.906432693666,269.6241471115002,984
57,0,0,383.0985074483424,234.7384759759999,982
58,0,0,387.2405381329685,266.7903593950964,982
59,0,0,394.644780738072,278.7456828927366,983
60,0,0,397.8379021738328,351.7156084955087,981
61,0,0,389.1404875956457,257.5227953797977,981
62,0,0,391.8908025382373,291.142716267054,980
63,0,0,389.8136315194133,297.3289708042543,979
64,0,0,397.6046656925137,454.678488050492,979
65,0,0,377.7071370431031,202.2792193627027,980
66,0,0,391.0397527561901,727.9923740744779,979
67,0,0,375.9484717950479,200.5287705103478,979
68,0,0,377.7365404130512,181.9067452850044,978
69,0,0,410.6642776492783,1068.263746816096,979
70,0,0,412.1617559868705,959.7555247399692,978
71,0,0,395.189777753534,298.7867062090458,980
72,0,0,406.1678754790057,450.6107669336371,979
73,0,0,407.1247334207052,378.380103999923,977
74,0,0,395.284612706873,238.8462361714347,978
75,0,0,396.7265364720829,246.230653147087,977
76,0,0,396.4232720037582,233.0303167913144,976
77,0,0,421.3298062767156,660.8899327177128,977
78,0,0,406.1752666778465,274.4794503472402,979
79,0,0,402.5263275810627,293.7905234773973,976
80,0,0,432.0693960904277,1017.586008856114,977
81,0,0,441.1702954857599,877.0512844208807,976
82,0,0,414.4366358383585,331.4507642136477,974
83,0,0,405.3423555602625,275.7632778888427,977
84,0,0,415.8546030098091,363.1290780207541,975
85,0,0,412.0517467341376,424.0639361548719,974
86,0,0,399.3078793307874,231.0528724285948,971
87,0,0,414.1105362958018,802.0211836454775,970
88,0,0,417.4570546209057,484.5699874717652,969
89,0,0,401.4424340333572,289.249705808319,971
90,0,0,393.8897577018366,201.4191809476879,968
91,0,0,408.0245161669692,240.7461322098033,968
92,0,0,425.3736446999693,442.4180243907427,968
93,0,0,418.082560673368,339.1287806799083,969
94,0,0,413.7215472765874,428.7871543629642,966
95,0,0,415.5561132348244,315.3803922936691,966
96,0,0,411.2279608893697,287.9406626463233,966
97,0,0,417.8819040137028,355.9980947363256,967
98,0,0,408.1433054167084,252.0340642666089,965
99,0,0,408.2867899060908,224.2985067237481,967
100,0,0,414.593794000428,296.5408128919871,966
101,0,0,415.1540655103514,289.7799529159265,964
102,0,0,414.5444201043711,267.6672793090125,964
103,0,0,413.4485108904973,361.9883703902728,962
104,0,0,410.8339986106325,234.5515044954744,960
105,0,0,423.0761549932831,423.9025282883296,961
106,0,0,410.0964663411829,254.6275952181518,959
107,0,0,417.2689507202868,258.9179381152422,961
108,0,0,413.6096972850987,247.0990474147151,958
109,0,0,422.7798124996866,293.84808185726,959
110,0,0,403.3755936422008,194.2346290887527,956
111,0,0,437.0844283351275,817.4009256549797,956
112,0,0,424.8367447499339,289.217435173205,955
113,0,0,426.8268561538884,274.8237198286471,957
114,0,0,422.8274102356158,258.0374748326406,955
115,0,0,423.9153412798564,258.8974810147772,956
116,0,0,494.6107123509151,2190.447222100525,955
117,0,0,454.1024599721692,469.9881149597094,956
118,0,0,448.182963143102,452.9628845453126,953
119,0,0,458.096676911072,1060.48365108846,951
120,0,0,427.2956911185019,269.6174108428689,952
121,0,0,459.1720107329558,1676.847661075195,950
122,0,0,450.6553771924962,520.9531017511425,949
123,0,0,436.1659340876885,335.2654438158771,946
124,0,0,425.7322975800247,254.3154989084566,944
125,0,0,435.9335696124401,320.3786994260307,945
126,0,0,461.2304289889659,846.5748504091046,943
127,0,0,483.5241929527774,1518.175729962973,943
128,0,0,428.3745482908468,246.427628466518,941
129,0,0,430.6782274775783,254.2810158290386,941
130,0,0,435.0180830469102,268.1731063285068,940
131,0,0,465.9196873088675,738.3911984434033,942
132,0,0,458.2606230549272,439.3936900461961,942
133,0,0,467.1655195127302,513.404976921602,941
134,0,0,442.0217619778098,289.9378304795197,941
135,0,0,463.8068346602654,599.6483284741499,942
136,0,0,459.2680339367461,439.5865008014559,939
137,0,0,454.0084423537025,418.217957327817,937
138,0,0,454.5520177694196,396.3984659467992,936
139,0,0,461.8915351705313,757.6778119268993,936
140,0,0,450.2144676679745,361.1886888814057,936
141,0,0,444.5821591989905,261.6020386108104,936
142,0,0,445.6838600464328,284.2155994051906,935
143,0,0,476.7490893603891,1059.99124057532,935
144,0,0,446.5845745404147,300.1895464795404,933
145,0,0,469.0130077439796,446.4806972161176,934
146,0,0,455.2658813440377,320.8243984928027,934
147,0,0,449.8469238255757,294.3819016062156,930
148,0,0,461.4801056621553,661.3100391758828,931
149,0,0,449.8722025106637,246.8737479874013,928
150,0,0,459.4615794600554,285.1714951415178,929
151,0,0,458.4011988979781,320.140247064413,930
152,0,0,461.5492264971325,308.7269132236928,930
153,0,0,465.0578399587891,307.0759314563651,930
154,0,0,464.616609164023,303.8567170586641,928
155,0,0,488.6118032287158,1281.139448692256,925
156,0,0,491.0186441598128,649.2321705632912,926
157,0,0,461.5864030487425,325.6947525601635,922
158,0,0,467.6448605095239,334.470562615471,923
159,0,0,480.1156400796943,452.5950164735062,922
160,0,0,475.8110023431737,355.2762255728368,923
161,0,0,467.5965068097714,325.950447231165,921
162,0,0,490.7093502732689,808.9899585993109,922
163,0,0,489.6742529620321,511.489307661164,920
164,0,0,483.8460992454268,374.3638018332471,920
165,0,0,489.0801801036015,450.2780327051868,916
166,0,0,483.9820072221801,511.2527473522852,916
167,0,0,493.5594895463933,606.4844229714942,913
168,0,0,465.8154284970551,307.5796983954888,912
169,0,0,482.2982590645278,428.4460377144483,912
170,0,0,481.3528216153931,323.3514993834221,913
171,0,0,483.6359286630919,306.9618728092091,911
172,0,0,513.8460148381363,1295.455270402414,913
173,0,0,483.5756538179085,285.5800973601152,911
174,0,0,491.0640411284883,360.4440322109773,911
175,0,0,499.3301384210152,407.4238174111425,911
176,0,0,504.4883240688577,554.5448563853606,912
177,0,0,495.0366129469671,315.8112965464488,910
178,0,0,525.1778647897353,867.1068368208407,910
179,0,0,521.1512892074805,658.9998513737594,910
180,0,0,548.5063170013345,2116.427551724286,909
181,0,0,523.7919093194324,621.8500615243331,907
182,0,0,515.613419267227,435.4367186174669,906
183,0,0,512.2086837669524,366.2788584790197,906
184,0,0,524.3273105498527,530.7928506737621,902
185,0,0,516.0934554400923,438.053529564344,902
186,0,0,534.2052512098437,986.4434853943897,901
187,0,0,519.1929575761686,397.2287692008255,900
188,0,0,524.9272265083754,421.7490119670703,900
189,0,0,523.2547109387059,424.7780706929966,898
190,0,0,512.9098666612775,327.120598312488,899
191,0,0,522.3642419767356,353.3901619403293,900
192,0,0,534.4125451193529,466.369290555933,899
193,0,0,533.0894396985685,392.5470472471793,896
194,0,0,528.1520471085972,346.4287659934715,893
195,0,0,566.2790894527095,1352.3242910868,894
196,0,0,544.6699701121914,497.8644732583992,895
197,0,0,547.7079680738118,410.8035105366348,895
198,0,0,562.0344893049354,532.0137048225442,892
199,0,0,554.2214800747469,430.4018677153111,890
200,0,0,558.0438885129407,565.2081569814872,893
201,0,0,561.6728073760845,563.9141086093839,889
202,0,0,579.158074638223,628.7800802234733,889
203,0,0,574.0672116708301,551.6483940032192,891
204,0,0,583.3349566386444,623.7362773068548,889
205,0,0,585.9313122512916,689.6144785940835,890
206,0,0,567.8543945941746,431.0297486180478,885
207,0,0,559.5918600102974,385.0454378739151,882
208,0,0,607.9208187442136,2272.482955460003,882
209,0,0,567.2858521713615,406.8813778655497,879
210,0,0,572.6164005644235,423.1810787549408,881
211,0,0,582.497494596412,449.2534169169989,883
212,0,0,602.5175787173944,647.4256254812491,880
213,0,0,616.0413986650602,744.6035651880868,882
214,0,0,626.6634817031296,821.8818986583282,881
215,0,0,604.7574990453592,499.1957209850611,879
216,0,0,600.1360682290419,455.3104241383782,875
217,0,0,603.0811761154293,447.7892931031977,871
218,0,0,619.6893634169758,509.2027584396155,872
219,0,0,627.2420347746734,552.9683128521937,876
220,0,0,643.3151895173115,667.8356922530037,878
221,0,0,641.4765321873086,552.1920245800933,876
222,0,0,669.6634638567791,1239.619827257076,873
223,0,0,666.2033428172674,889.5318968167295,871
224,0,0,658.9451919770817,576.5962692070323,867
225,0,0,670.005373824902,644.9974010928673,870
226,0,0,682.7881255243452,718.8464501504131,869
227,0,0,672.9949651013288,573.6161083749906,870
228,0,0,688.3722103555405,636.9332805348529,868
229,0,0,703.7684945919701,696.1832402433934,868
230,0,0,719.3485954753789,803.6228776398718,864
231,0,0,715.6148934807135,739.802658563613,861
232,0,0,739.5558222213356,962.0782844790085,861
233,0,0,740.4249162774637,884.5355904058415,859
234,0,0,736.3310496620169,777.2764308592341,855
235,0,0,749.119740255953,838.0676984883551,853
236,0,0,785.7469371820781,1123.117391366399,849
237,0,0,781.0757047688611,959.1630452282834,852
238,0,0,789.9321655780586,992.6523679871037,846
239,0,0,791.5931409564117,899.0401068343114,846
240,0,0,790.485174171755,805.9282304677629,844
241,0,0,814.4709505517224,899.1429430418638,847
242,0,0,844.6773120517291,1203.653902542886,843
243,0,0,858.6032708159238,1073.594354758624,841
244,0,0,866.4377963531767,1037.775694961118,838
245,0,0,880.9610850938647,1063.095328057995,835
246,0,0,885.2466042430653,989.1910174677231,830
247,0,0,915.7930614283745,1094.321309344514,833
248,0,0,949.1637217341009,1282.267262690404,828
249,0,0,1009.361849798673,2012.592748294468,825
250,0,0,1005.816006298718,1371.786416101107,824
251,0,0,1062.034708240438,2047.631999055863,826
252,0,0,1081.951537690668,1600.283882612216,816
253,0,0,1146.490544546601,2045.244582731609,815
254,0,0,1186.866571444558,2050.242725137166,809
255,0,0,1243.398732572915,2281.287323572414,803
256,0,0,1298.153050603489,2389.061567841782,797
257,0,0,1375.026089478896,2739.696163110055,789
258,0,0,1496.722155914475,3803.715742505316,778
259,0,0,1601.416032167556,4026.049212443777,761
260,0,0,1714.764841546564,4898.715045450697,734
261,0,0,1681.031107931864,5028.082513694549,677
262,0,0,1737.383583179637,5912.556064602088,623
263,0,0,1591.135890090088,5679.130350570595,537
264,0,0,1429.239152840468,5375.138897452907,452
265,0,0,1134.665872336123,4386.777307376292,350
266,0,0,857.1412013883076,3566.405526346423,238
267,0,0,571.6462911261397,2368.081713093271,162
268,0,0,340.316995862823,1466.64434980885,92
269,0,0,169.600509517508,720.7300061721643,50
270,0,0,68.96648685671873,350.7251015353257,20
271,0,0,11.47153943393468,30.79923564868628,6
272,0,0,7.362796407007622,26.41436212519994,4
273,0,0,7.777599168995703,27.27462396020557,3
274,0,0,5.087836024741047,19.26550118907117,5
275,0,0,6.581868782878047,30.88538412456511,7
276,0,0,0.3013087780420087,0.04498694335506718,4
277,0,0,0.3684582176139071,0.03851853384231613,6
278,0,0,0.5133601880978457,0.09594193792284759,5
279,0,0,0.372143123749323,0.06873995923968045,4
280,0,0,0.3334525317354839,0.05811290679297768,5
281,0,0,0.8455907007016028,0.4168995422339075,5
282,0,0,8.731293303097798,61.35979157182148,7
283,0,0,0.9781120634520128,0.3918174221370735,6
284,0,0,0.2166318187604183,0.02074800270742718,5
285,0,0,5.447240131866507,26.27581346156281,6
286,0,0,0.1732679869190802,0.0150355322328017,2
287,0,0,0.4168112905458889,0.05102421074840215,8
288,0,0,0.4628715011598262,0.06217281051424502,5
289,0,0,0.7402426596268333,0.1573721131509539,8
290,0,0,3.138402929035208,5.96354047519279,7
291,0,0,10.88822949596459,101.0778359267375,6
292,0,0,0.7260931936441757,0.1455021405203087,8
293,0,0,0.7443312976500527,0.1977934173229256,4
294,0,0,1.019418961109844,0.5544273956341892,3
295,0,0,0.5749491549633267,0.1378425869703595,4
296,0,0,0.4164256653650908,0.07470089535120499,5
297,0,0,6.456160933845615,37.21759283952854,5
298,0,0,0.6709097779102433,0.1553237094142494,4
299,0,0,2.087253532954247,2.634547369058891,4
300,0,0,1.725053567599733,2.449932179846858,4
301,0,0,1.815373101124905,2.795833827952912,2
302,0,0,2.047235834184468,3.092182513435103,3
303,0,0,2.196246200981185,3.239169868855059,4
304,0,0,2.362986087758324,3.319248932695566,4
305,0,0,2.308116030873214,4.603894239397946,4
306,0,0,2.609889566673674,6.318257091258712,5
307,0,0,3.0599774878189,8.780798843185837,3
308,0,0,5.063097542687329,24.67452082402028,4
309,0,0,5.64737155268741,15.92638783345107,4
310,0,0,0.8922191512504037,0.6460421441290991,2
311,0,0,0.1392788078110536,0.01096464983684516,2
312,0,0,0.8726657627279373,0.6289728826317367,2
313,0,0,0.0997290671922339,0.009945886843033104,1
314,0,0,0.7473068124641272,0.4469610713398728,2
315,0,0,0.1866441470411364,0.02107933961164195,4
316,0,0,0.6699461173187123,0.3544491838211978,2
317,0,0,1.010508397275644,0.6137136704551643,4
318,0,0,4.372583333141953,15.18048085276017,6
319,0,0,4.28150335278016,17.14471428674929,3
320,0,0,6.387244598475882,37.02479406047342,5
321,0,0,5.31992884988678,23.23698858472205,5
322,0,0,0.5722788817520115,0.1312421181572755,6
323,0,0,5.778375017305791,13.52012260437771,5
324,0,0,0.2177270402512563,0.03875075536926646,3
325,0,0,0.2332477796868005,0.03533481940474939,3
326,0,0,0.9964415358498367,0.5136082396013557,2
327,0,0,0.04903673849117535,0.001288914980709643,3
328,0,0,0.07945102071519983,0.003203805703046058,3
329,0,0,0.0006839635414053191,2.56880808189436e-07,2
330,0,0,0.1991215880340178,0.03835871196159661,3
331,0,0,1.088938006432727e-08,1.185785981853682e-16,1
332,0,0,0.04989345742319529,0.00158966669763379,3
333,0,0,0.003544047478953871,1.256021628352949e-05,2
334,0,0,0.002985432691275491,8.911010919372416e-06,2
335,0,0,6.860755092930049e-07,2.401937948037994e-13,2
336,0,0,0,0,0
337,0,0,0.1801144708507536,0.03244122260984697,1
338,0,0,0.01969501376470362,0.0003878745827282548,2
339,0,0,3.376658014531131e-05,1.140181934709732e-09,1
340,0,0,0.01032906112868659,8.908298109058231e-05,2
341,0,0,0.8700650293572552,0.756944806339567,2
342,0,0,4.941345207595706,23.96075573396736,4
343,0,0,9.667224730947055e-06,9.345523399863436e-11,1
344,0,0,0.001022317417664453,1.042394649444263e-06,2
345,0,0,0.01354098602996601,0.0001833583026637345,1
346,0,0,0.03634641000292049,0.001251915988116753,2
347,0,0,0.002529763079905933,6.399548243854002e-06,2
348,0,0,0.04524310473004789,0.001703772291462206,3
349,0,0,5.805621611856054,14.43974426608992,4
350,0,0,0,0,0
351,0,0,0,0,0
352,0,0,0.2118561259649141,0.04488301810886155,1
353,0,0,0.002717474606458048,7.384668236744323e-06,1
354,0,0,0,0,0
355,0,0,0.03081614150371682,0.0006191454527023797,2
356,0,0,0.005430869078162884,2.949433894414577e-05,1
357,0,0,0,0,0
358,0,0,0.0004829065291005463,2.331987158479368e-07,1
359,0,0,5.070319275546353e-09,2.57081375559769e-17,1
360,0,0,0.001891832128649185,3.579028802989305e-06,1
361,0,0,0.1452830757621415,0.01699795015424794,2
362,0,0,0.002294089044426073,5.262844543755733e-06,1
363,0,0,3.275658855272923e-08,1.072994093612791e-15,1
364,0,0,0.0002796986267412649,7.823132180094941e-08,1
365,0,0,0.009895100028454673,9.791300457312367e-05,1
366,0,0,0,0,0
367,0,0,0,0,0
368,0,0,2.192112424381776e-05,4.805356881128947e-10,1
369,0,0,8.061464313868782e-06,6.498720688377988e-11,1
370,0,0,0.03621024032807946,0.001311181504617272,1
371,0,0,0.1460915260051679,0.0213427334873056,2
372,0,0,0.1591383080449356,0.02532500108740481,1
373,0,0,0.1422325618372959,0.01669376896255721,3
374,0,0,0.1272101291677121,0.016182416962866,1
375,0,0,0.1986945325805486,0.03947951727740268,1
376,0,0,0.107685807162117,0.01159623306415664,1
377,0,0,0.1410097435057301,0.01643802853690439,3
378,0,0,0.1030902726064157,0.009990950287770046,2
379,0,0,0.45464318202742,0.1030678148970237,3
380,0,0,0.1011241336397772,0.01022609040439553,1
381,0,0,0.1029772698328385,0.01060431810222524,1
382,0,0,0.3558401924508189,0.05852796602251602,3
383,0,0,0.5511790076490671,0.2018097772043022,2
384,0,0,0.4607851401098907,0.1356502580416161,2
385,0,0,0.4008520681965965,0.1028243766152217,2
386,0,0,0.5600523010277123,0.3136585798864353,1
387,0,0,0.006112051555526056,3.735717421740848e-05,1
388,0,0,0,0,0
389,0,0,0.02086120855480093,0.0004351900223668994,1
390,0,0,1.162055156287298,1.350372186253896,1
391,0,0,7.410803152662913,40.71027701468522,3
392,0,0,1.141186706484001,1.237690412572392,2
393,0,0,1.17013909285923,1.092719362165267,3
394,0,0,1.293065505219059,1.396543791682558,2
395,0,0,1.390557103278309,1.628918466850485,2
396,0,0,1.380666831777793,1.686089868430798,2
397,0,0,1.496302256978262,1.94576469856904,2
398,0,0,1.626022735430573,2.272006646708724,2
399,0,0,1.505253862278441,1.943610955436702,2
400,0,0,1.654784405283022,2.393387806963535,2
401,0,0,1.711199004353628,2.552195877359609,2
402,0,0,1.789102377287365,2.758160466504837,2
403,0,0,1.856383975219635,2.812165729130421,3
404,0,0,1.993576008731341,3.765477219121924,2
405,0,0,2.096772037163482,4.351924707688941,2
406,0,0,2.594654422751881,4.788296930625584,2
407,0,0,2.536974399642244,6.312978406841558,2
408,0,0,2.963064734010579,8.750287315268663,2
409,0,0,3.72863070378567,13.90268692521322,1
410,0,0,6.653840658986344,44.27359551517983,1
411,0,0,1.28802417400591,1.659006272823607,1
412,0,0,0,0,0
413,0,0,0,0,0
414,0,0,0.01269957031653249,8.988191872617244e-05,2
415,0,0,0.05402844431745919,0.002684352307345931,2
416,0,0,1.001361371914592,0.6428438354649573,2
417,0,0,0.000908049915437914,8.245546489268028e-07,1
418,0,0,0.002593448867148213,6.725977026512347e-06,1
419,0,0,0,0,0
420,0,0,0.001671695789899889,2.794566813969015e-06,1
421,0,0,0.02295691933431954,0.0005270201453224542,1
422,0,0,0.003720925776417416,1.384528863360755e-05,1
423,0,0,0.1978832606801006,0.03915778485738867,1
424,0,0,0,0,0
425,0,0,0,0,0
426,0,0,0.003337500385369393,1.113890882234085e-05,1
427,0,0,0.003884593690218853,1.480948491165812e-05,2
428,0,0,0,0,0
429,0,0,7.804698428621879,60.91331756173283,1
430,0,0,0.2220723847124588,0.04931614405187829,1
431,0,0,1.312935455644038e-05,1.723799510687217e-10,1
432,0,0,0.01754611041422191,0.0003078659906680667,1
433,0,0,0.1386783191876979,0.01923167621272501,1
434,0,0,0.08880745738906227,0.007886764487910111,1
435,0,0,0.07650325210493261,0.005852747582630876,1
436,0,0,0.09091861266658394,0.008011241042503524,3
437,0,0,0.1030009512960267,0.01060919596788647,1
438,0,0,0.09962320011175832,0.009924782000507443,1
439,0,0,0.09690663128918782,0.008802089498735382,2
440,0,0,0.1013539176340303,0.01027258159647163,2
441,0,0,0.1147880457726687,0.01317629545230829,1
442,0,0,7.733439016943741,57.79989761977019,2
443,0,0,0.6074684416171761,0.2606596713708366,2
444,0,0,0.09220031691924624,0.008500898199595156,2
445,0,0,0.1126040254026599,0.01267966653688288,1
446,0,0,0.07731216225567593,0.005977170432647961,1
447,0,0,0.105290015712458,0.01108598740872965,1
448,0,0,0.1755945724892027,0.03083345273613222,2
449,0,0,0.08954161595327065,0.008017700987523012,1
450,0,0,0.09113350299611729,0.00830531536834332,1
451,0,0,0.1565952211030419,0.02452206327231057,1
452,0,0,0.1688184376192085,0.02849966488019057,1
453,0,0,0.1374285341110515,0.01888660198791246,1
454,0,0,0.09860872272716222,0.009723680197882358,1
455,0,0,0.3762664234469887,0.1415764214135886,1
456,0,0,0.3905548328600984,0.08259473508064738,2
457,0,0,0.4969611283435262,0.178392122916611,2
458,0,0,0.4304175953947682,0.1238680448956618,2
459,0,0,0.08639615304078808,0.007464295260247276,1
460,0,0,0.2908034468871226,0.08456664472143151,1
461,0,0,0.08448212902717182,0.007137230124963708,1
462,0,0,0.08075967117840459,0.006522124488844033,1
463,0,0,6.407007982315053,36.3084155812365,4
464,0,0,0.08351286779686211,0.006974399087656168,1
465,0,0,0.09064381153478032,0.008216300569552774,1
466,0,0,0.1004781898106434,0.01009586662762367,1
467,0,0,0.08732471898092409,0.007625606545097364,1
468,0,0,0.1104297380432036,0.01219472704429057,1
469,0,0,0.1073940173689959,0.01153347496665219,1
470,0,0,0.1445512409342115,0.02083470987893536,2
471,0,0,0.2912944509306674,0.08485245714299901,1
472,0,0,0.1995527282099459,0.03982129133603253,1
473,0,0,0.1433196019553803,0.02054050830464866,1
474,0,0,0.1031896225658414,0.0106480982052808,1
475,0,0,0.1419034853078716,0.02013659914252134,1
476,0,0,0.1738325063715812,0.03021774027142581,1
477,0,0,0.08657630206798457,0.007495456079766909,1
478,0,0,0.1384971247595966,0.01918145356667526,1
479,0,0,0.1262259147226802,0.01593298154757733,1
480,0,0,0.1394084385690338,0.01943471274425607,1
481,0,0,0.1476451793844158,0.02179909899545633,1
482,0,0,0.7171463891380645,0.5142989434537643,1
483,0,0,0.1080378330085613,0.01167217336118577,1
484,0,0,0.1686877198324358,0.02845554682226634,1
485,0,0,0.2526350149882293,0.06382445079810282,1
486,0,0,0.8307579623090078,0.6901587919398148,1
487,0,0,0,0,0
488,0,0,0,0,0
489,0,0,0.3333548997597973,0.09007533310933676,2
490,0,0,0.002125109574990347,4.516090705715653e-06,1
491,0,0,0,0,0
492,0,0,0,0,0
493,0,0,0,0,0
494,0,0,0,0,0
495,0,0,0,0,0
496,0,0,0,0,0
497,0,0,0,0,0
498,0,0,0,0,0
499,0,0,0.007593707440491926,5.766439269178243e-05,1
